0	14	放火罪	2047	1	1	2	1	1	0	1	2	0	2
1	16	爆炸罪	169	1	1	2	1	1	0	1	2	0	2
2	19	失火罪	3373	1	1	2	1	1	0	1	2	1	2
3	25	破坏交通设施罪	24	1	1	2	1	1	2	1	2	0	2
4	26	破坏电力设备罪	270	1	1	2	1	1	2	1	2	0	2
5	27	破坏易燃易爆设备罪	168	1	1	2	1	1	2	1	2	0	2
6	36	破坏广播电视设施、公用电信设施罪	347	1	1	1	1	1	2	1	1	0	2
7	37	过失损坏广播电视设施、公用电信设施罪	35	1	1	1	1	1	2	1	1	1	2
8	38	非法制造、买卖、运输、邮寄、储存枪支、弹药、爆炸物罪	1676	0	0	1	1	1	1	1	1	0	1
9	43	非法持有、私藏枪支、弹药罪	12759	1	1	1	1	1	1	0	1	0	1
10	46	非法携带枪支、弹药、管制刀具、危险物品危及公共安全罪	45	1	1	2	1	1	0	1	2	0	1
11	49	交通肇事罪	30337	1	1	0	1	1	0	1	0	1	1
12	50	重大责任事故罪	1424	1	1	0	1	1	1	1	0	1	0
13	51	重大劳动安全事故罪	303	1	1	0	1	1	1	1	0	1	0
14	52	危险物品肇事罪	27	1	1	0	1	1	1	1	0	1	0
15	56	投放危险物质罪	297	1	1	2	1	1	0	1	2	0	2
16	59	非法制造、买卖、运输、储存危险物质罪	44	0	0	1	1	1	1	1	1	0	1
17	65	危险驾驶罪	34437	1	1	1	1	1	0	1	1	0	1
18	68	生产、销售伪劣产品罪	677	0	0	1	1	1	1	1	1	0	1
19	69	生产、销售假药罪	4109	0	0	2	1	1	1	1	2	0	1
20	72	生产、销售有毒、有害食品罪	2654	0	0	2	1	1	1	1	2	0	1
21	77	生产、销售不符合安全标准的食品罪	1369	0	0	2	1	1	1	1	2	0	1
22	91	虚报注册资本罪	54	0	1	1	1	1	1	1	1	0	1
23	106	隐匿、故意销毁会计凭证、会计帐簿、财务会计报告罪	31	0	1	1	1	1	1	1	1	0	1
24	117	出售、购买、运输假币罪	121	0	0	1	1	1	1	1	1	0	1
25	119	持有、使用假币罪	246	0	1	1	1	1	1	2	1	0	1
26	123	高利转贷罪	14	0	2	1	1	1	1	1	1	0	1
27	124	非法吸收公众存款罪	1616	0	2	1	1	1	1	1	1	0	1
28	125	伪造、变造金融票证罪	110	0	1	1	1	1	1	1	1	0	1
29	135	违法发放贷款罪	97	0	2	1	1	1	1	1	1	0	1
30	142	骗取贷款、票据承兑、金融票证罪	864	0	1	1	1	1	1	0	1	0	1
31	143	妨害信用卡管理罪	709	0	2	1	1	1	1	2	1	0	1
32	144	窃取、收买、非法提供信用卡信息罪	15	0	2	1	1	1	1	1	1	0	1
33	165	虚开增值税专用发票、用于骗取出口退税、抵扣税款发票罪	2807	0	1	1	1	1	1	1	1	0	1
34	170	非法制造、出售非法制造的发票罪	66	0	0	1	1	1	1	1	1	0	1
35	172	非法出售发票罪	69	0	0	1	1	1	1	1	1	0	1
36	173	逃税罪	58	0	1	1	1	1	1	1	1	0	1
37	174	持有伪造的发票罪	471	1	1	1	1	1	1	0	1	0	1
38	175	虚开发票罪	566	0	1	1	1	1	1	1	1	0	1
39	177	假冒注册商标罪	862	0	1	1	1	1	1	1	1	0	1
40	179	非法制造、销售非法制造的注册商标标识罪	42	0	0	1	1	1	1	1	1	0	1
41	181	侵犯著作权罪	592	0	0	1	1	1	1	1	1	0	1
42	187	串通投标罪	108	0	1	1	1	1	1	1	1	0	1
43	189	非法经营罪	4697	0	0	1	1	1	1	1	1	0	1
44	190	强迫交易罪	259	0	0	1	0	1	1	1	1	0	1
45	191	伪造、倒卖伪造的有价票证罪	21	0	0	1	1	1	1	1	1	0	1
46	193	非法转让、倒卖土地使用权罪	185	0	0	1	1	1	1	1	1	0	1
47	199	组织、领导传销活动罪	780	0	1	1	2	1	1	1	1	0	1
48	201	故意杀人罪	1039	1	1	0	0	1	2	1	1	0	1
49	202	过失致人死亡罪	2380	1	1	0	0	1	2	1	1	1	1
50	203	故意伤害罪	118186	1	1	1	0	1	2	1	0	0	1
51	204	过失致人重伤罪	514	1	1	1	0	1	2	1	0	1	1
52	205	强奸罪	1644	1	1	2	0	1	2	1	2	0	1
53	207	强制猥亵、侮辱妇女罪	234	1	1	1	0	1	2	1	1	0	1
54	208	猥亵儿童罪	339	1	1	1	0	1	2	1	1	0	1
55	209	非法拘禁罪	8971	1	1	2	2	1	1	1	2	0	1
56	210	绑架罪	223	1	1	2	0	1	1	1	2	0	1
57	211	拐卖妇女、儿童罪	426	0	0	2	2	1	2	1	2	0	1
58	212	收买被拐卖的妇女、儿童罪	37	1	0	1	1	1	1	1	1	0	1
59	214	诬告陷害罪	132	1	1	1	1	1	1	1	1	0	1
60	217	非法侵入住宅罪	1077	1	1	1	1	2	1	1	1	0	1
61	218	侮辱罪	32	1	1	1	2	1	0	1	1	0	1
62	233	重婚罪	708	1	1	1	1	1	1	1	1	0	1
63	235	虐待罪	13	1	1	2	0	1	1	1	2	0	1
64	236	遗弃罪	104	1	1	1	1	1	1	1	1	0	1
65	237	拐骗儿童罪	75	2	1	1	1	1	2	1	1	0	1
66	241	非法获取公民个人信息罪	139	1	2	1	1	1	1	1	1	0	1
67	243	强迫劳动罪	33	1	1	1	0	1	2	1	1	0	1
68	246	抢劫罪	11316	0	1	2	0	1	2	0	2	0	1
69	247	盗窃罪	219839	0	1	1	1	1	2	0	1	0	1
70	248	诈骗罪	27885	0	1	1	1	1	2	0	1	0	1
71	249	抢夺罪	4791	0	1	1	1	1	0	0	1	0	1
72	251	侵占罪	48	0	1	1	1	1	2	0	1	0	1
73	253	挪用资金罪	1971	0	1	1	1	1	1	1	1	0	1
74	254	挪用特定款物罪	28	0	1	1	1	1	1	1	1	0	1
75	255	敲诈勒索罪	4124	0	1	1	1	1	1	0	1	0	1
76	256	故意毁坏财物罪	5466	1	1	1	1	1	1	1	1	0	1
77	257	破坏生产经营罪	490	1	1	1	1	1	1	1	1	0	2
78	258	拒不支付劳动报酬罪	1686	1	1	1	1	1	1	0	1	0	1
79	261	妨害公务罪	10939	1	1	1	0	1	0	1	1	0	1
80	263	招摇撞骗罪	610	1	1	1	1	1	2	1	1	0	1
81	264	伪造、变造、买卖国家机关公文、证件、印章罪	2011	0	0	1	1	1	1	1	1	0	1
82	266	伪造公司、企业、事业单位、人民团体印章罪	991	0	1	1	1	1	1	1	1	0	1
83	267	伪造、变造居民身份证罪	200	0	2	1	1	1	1	1	1	0	1
84	268	非法生产、买卖警用装备罪	32	0	0	1	1	1	1	1	1	0	1
85	269	非法获取国家秘密罪	34	2	2	1	1	1	1	1	1	0	1
86	274	破坏计算机信息系统罪	23	2	1	1	1	1	1	1	1	0	1
87	275	扰乱无线电通讯管理秩序罪	192	1	1	1	1	1	1	1	1	0	1
88	276	聚众扰乱社会秩序罪	315	1	1	1	1	1	0	1	1	0	1
89	277	聚众冲击国家机关罪	38	1	1	1	1	1	0	1	1	0	1
90	278	聚众扰乱公共场所秩序、交通秩序罪	156	1	1	1	1	1	0	1	1	0	1
91	279	聚众斗殴罪	3437	1	1	1	0	1	0	1	1	0	1
92	280	寻衅滋事罪	22642	1	1	1	2	1	0	1	1	0	1
93	294	赌博罪	9401	0	1	1	1	1	2	1	1	0	1
94	297	编造、故意传播虚假恐怖信息罪	68	1	1	1	1	1	0	1	1	0	1
95	298	开设赌场罪	17588	1	1	1	1	1	0	1	1	0	1
96	302	伪证罪	108	1	1	1	1	1	1	1	1	0	1
97	304	妨害作证罪	104	1	1	1	0	1	1	1	1	0	1
98	305	帮助毁灭、伪造证据罪	96	1	1	1	1	1	1	1	1	0	1
99	306	打击报复证人罪	13	1	1	1	2	1	1	1	1	0	1
100	307	扰乱法庭秩序罪	16	1	1	1	2	1	0	1	1	0	1
101	308	窝藏、包庇罪	935	1	1	1	1	1	1	1	1	0	1
102	310	窝藏、转移、收购、销售赃物罪	45	1	0	1	1	1	1	1	1	0	1
103	311	拒不执行判决、裁定罪	2105	1	1	1	1	1	1	1	1	0	1
104	312	非法处置查封、扣押、冻结的财产罪	224	1	1	1	1	1	1	1	1	0	1
105	313	破坏监管秩序罪	91	1	1	1	0	1	1	1	1	0	1
106	314	脱逃罪	98	1	1	1	2	1	1	1	1	0	1
107	319	掩饰、隐瞒犯罪所得、犯罪所得收益罪	6538	1	0	1	1	1	1	1	1	0	1
108	335	倒卖文物罪发	15	0	0	1	1	1	1	1	1	0	1
109	337	盗掘古文化遗址、古墓葬罪	365	0	1	1	1	1	1	0	1	0	1
110	345	非法组织卖血罪	50	0	0	1	1	1	1	1	1	0	1
111	350	非法行医罪	2199	1	1	2	1	1	1	1	2	0	1
112	351	非法进行节育手术罪	79	1	1	2	1	1	1	1	2	0	1
113	360	非法捕捞水产品罪	1291	0	1	1	1	1	1	1	1	0	1
114	361	非法猎捕、杀害珍贵、濒危野生动物罪	234	0	1	1	1	1	1	1	1	0	1
115	363	非法狩猎罪	1318	0	1	1	1	1	1	1	1	0	1
116	365	非法采矿罪	658	0	1	1	1	1	1	1	1	0	1
117	367	非法采伐、毁坏国家重点保护植物罪	957	0	1	1	1	1	1	1	1	0	1
118	368	盗伐林木罪	2949	0	1	1	1	1	1	1	1	0	1
119	369	滥伐林木罪	9068	0	1	1	1	1	1	1	1	0	1
120	370	非法收购、运输盗伐、滥伐的林木罪	134	0	2	1	1	1	1	1	1	0	1
121	371	非法占用农用地罪	3443	0	1	1	1	1	1	1	1	0	1
122	372	非法收购、运输、加工、出售国家重点保护植物、国家重点保护植物制品罪	215	0	0	1	1	1	1	1	1	0	1
123	373	污染环境罪	884	1	1	1	1	1	1	1	1	1	1
124	374	走私、贩卖、运输、制造毒品罪	75326	0	0	1	2	1	1	1	1	0	1
125	375	非法持有毒品罪	10357	1	1	1	1	1	1	0	1	0	1
126	377	窝藏、转移、隐瞒毒品、毒赃罪	12	1	1	1	1	1	1	1	1	0	1
127	379	非法买卖制毒物品罪	145	0	0	1	1	1	1	1	1	0	1
128	380	非法种植毒品原植物罪	1459	0	1	1	1	1	2	1	1	0	1
129	382	引诱、教唆、欺骗他人吸毒罪	82	1	1	1	1	1	1	1	1	0	1
130	384	容留他人吸毒罪	40281	1	1	1	1	1	1	1	1	0	1
131	392	传播性病罪	32	1	1	1	1	1	1	1	1	0	1
132	395	制作、复制、出版、贩卖、传播淫秽物品牟利罪	103	0	0	1	1	1	1	1	1	0	1
133	399	组织淫秽表演罪	35	0	1	1	1	1	2	1	1	0	1
134	412	伪造、变造、买卖武装部队公文、证件、印章罪	31	0	0	1	1	1	1	1	1	0	1
135	425	过失损坏武器装备、军事设施、军事通信罪	24	1	1	1	1	1	1	1	1	1	1
136	427	贪污罪	3071	0	1	1	1	0	1	0	1	0	1
137	428	挪用公款罪	1267	0	1	1	1	0	1	1	1	0	1
138	429	受贿罪	2734	0	1	1	1	0	1	0	1	0	1
139	431	行贿罪	1902	0	1	1	1	1	1	1	1	0	1
140	433	介绍贿赂罪	71	0	1	1	1	2	1	1	1	0	1
141	437	私分国有资产罪	46	0	1	1	1	0	1	0	1	0	1
142	441	滥用职权罪	358	1	1	1	1	0	1	1	1	0	1
143	442	玩忽职守罪	824	1	1	1	1	0	1	1	1	1	1
144	445	徇私枉法罪	34	1	1	1	1	0	1	1	1	0	1
145	450	徇私舞弊不移交刑事案件罪	23	1	1	1	1	0	1	1	1	0	1
146	462	动植物检疫徇私舞弊罪	54	1	1	1	1	0	1	1	1	0	1
147	470	招收公务员、学生徇私舞弊罪	35	1	1	1	1	0	1	1	1	0	1
148	479	帮助犯罪分子逃避处罚罪	72	1	1	1	1	0	1	1	1	0	1